ID       Time Precipitation Air_Temperature Relative_Humidity
1 1948-01-01           105        20.31194          81.64137
2 1948-02-01           397        21.21052          80.20120
3 1948-03-01           594        22.14363          81.94274
4 1948-04-01          2653        20.79417          78.89908
5 1948-05-01          7058        20.43589          82.99959
6 1948-06-01          5328        18.10059          77.91983
7 1948-07-01          4882        16.63936          76.25758
8 1948-08-01          3979        16.56065          76.89210
9 1948-09-01          2625        16.95542          76.80116
10 1948-10-01          2578        17.13323          75.62411